**********\Dynamic Programming Values Table//**********

-	     0     1     2     3     4     5     6     7     8     9    10    11    12    13    14    15
	   ---   ---   ---   ---   ---   ---   ---   ---   ---   ---   ---   ---   ---   ---   ---   ---

1	     0   150   200   325   400   575   925  1000  1225  1450  1625  2125  2375  2575  2700  2925
2	     0     0    25   100   150   275   550   600   775  1000  1175  1675  1900  2100  2225  2400
3	     0     0     0    50   100   225   475   525   700   925  1100  1575  1800  2000  2125  2300
4	     0     0     0     0    25   100   300   350   525   750   925  1350  1575  1775  1900  2075
5	     0     0     0     0     0    50   225   275   450   675   850  1250  1475  1675  1800  1975
6	     0     0     0     0     0     0   125   175   350   550   700  1100  1325  1500  1600  1775
7	     0     0     0     0     0     0     0    25   125   275   400   750   925  1075  1175  1350
8	     0     0     0     0     0     0     0     0    75   225   325   675   825   975  1075  1250
9	     0     0     0     0     0     0     0     0     0    75   175   450   600   750   850  1025
10	     0     0     0     0     0     0     0     0     0     0    50   250   400   550   650   825
11	     0     0     0     0     0     0     0     0     0     0     0   150   300   450   550   725
12	     0     0     0     0     0     0     0     0     0     0     0     0    75   175   250   375
13	     0     0     0     0     0     0     0     0     0     0     0     0     0    50   100   225
14	     0     0     0     0     0     0     0     0     0     0     0     0     0     0    25   100
15	     0     0     0     0     0     0     0     0     0     0     0     0     0     0     0    50
16	     0     0     0     0     0     0     0     0     0     0     0     0     0     0     0     0


**********\Dynamic Programming Roots Table//**********

 -	     0     1     2     3     4     5     6     7     8     9    10    11    12    13    14    15
	   ----  ----  ----  ----  ----  ----  ----  ----  ----  ----  ----  ----  ----  ----  ----  ----

1	     0     1     1     1     1     1     3     3     6     6     6     6     6     6     6     6
2	     0     0     2     3     3     3     5     6     6     6     6     6     9     9     9    11
3	     0     0     0     3     3     3     5     6     6     6     6     9     9     9     9    11
4	     0     0     0     0     4     5     6     6     6     6     6     9     9     9     9    11
5	     0     0     0     0     0     5     6     6     6     6     6     9     9     9     9    11
6	     0     0     0     0     0     0     6     6     6     8     8     9     9    11    11    11
7	     0     0     0     0     0     0     0     7     8     8     9     9    11    11    11    11
8	     0     0     0     0     0     0     0     0     8     8     9     9    11    11    11    11
9	     0     0     0     0     0     0     0     0     0     9     9    11    11    11    11    11
10	     0     0     0     0     0     0     0     0     0     0    10    11    11    11    11    11
11	     0     0     0     0     0     0     0     0     0     0     0    11    11    11    11    11
12	     0     0     0     0     0     0     0     0     0     0     0     0    12    12    12    13
13	     0     0     0     0     0     0     0     0     0     0     0     0     0    13    13    13
14	     0     0     0     0     0     0     0     0     0     0     0     0     0     0    14    15
15	     0     0     0     0     0     0     0     0     0     0     0     0     0     0     0    15
16	     0     0     0     0     0     0     0     0     0     0     0     0     0     0     0     0

Optimal BSTree 
   6
      1
         -
         3
            2
               -
               -
            5
               4
                  -
                  -
               -
      11
         9
            8
               7
                  -
                  -
               -
            10
               -
               -
         13
            12
               -
               -
            15
               14
                  -
                  -
               -
